(kicad_pcb (version 20171130) (host pcbnew 5.1.4-e60b266~84~ubuntu18.04.1)

  (general
    (thickness 1)
    (drawings 14)
    (tracks 551)
    (zones 0)
    (modules 53)
    (nets 24)
  )

  (page A4)
  (layers
    (0 F.Cu signal)
    (31 B.Cu signal hide)
    (32 B.Adhes user hide)
    (33 F.Adhes user hide)
    (34 B.Paste user hide)
    (35 F.Paste user hide)
    (36 B.SilkS user hide)
    (37 F.SilkS user)
    (38 B.Mask user hide)
    (39 F.Mask user)
    (40 Dwgs.User user hide)
    (41 Cmts.User user hide)
    (42 Eco1.User user hide)
    (43 Eco2.User user hide)
    (44 Edge.Cuts user hide)
    (45 Margin user hide)
    (46 B.CrtYd user hide)
    (47 F.CrtYd user)
    (48 B.Fab user hide)
    (49 F.Fab user hide)
  )

  (setup
    (last_trace_width 1.4)
    (user_trace_width 0.3)
    (user_trace_width 1)
    (trace_clearance 0.2)
    (zone_clearance 0.5)
    (zone_45_only yes)
    (trace_min 0.2)
    (via_size 0.8)
    (via_drill 0.4)
    (via_min_size 0.4)
    (via_min_drill 0.3)
    (uvia_size 0.3)
    (uvia_drill 0.1)
    (uvias_allowed no)
    (uvia_min_size 0.2)
    (uvia_min_drill 0.1)
    (edge_width 0.05)
    (segment_width 0.2)
    (pcb_text_width 0.3)
    (pcb_text_size 1.5 1.5)
    (mod_edge_width 0.12)
    (mod_text_size 0.7 0.7)
    (mod_text_width 0.1)
    (pad_size 6.4 6.4)
    (pad_drill 3.2)
    (pad_to_mask_clearance 0.051)
    (solder_mask_min_width 0.25)
    (aux_axis_origin 0 0)
    (visible_elements FFFFFF7F)
    (pcbplotparams
      (layerselection 0x010f0_ffffffff)
      (usegerberextensions false)
      (usegerberattributes false)
      (usegerberadvancedattributes false)
      (creategerberjobfile false)
      (excludeedgelayer false)
      (linewidth 0.100000)
      (plotframeref false)
      (viasonmask false)
      (mode 1)
      (useauxorigin true)
      (hpglpennumber 1)
      (hpglpenspeed 20)
      (hpglpendiameter 15.000000)
      (psnegative false)
      (psa4output false)
      (plotreference true)
      (plotvalue false)
      (plotinvisibletext false)
      (padsonsilk false)
      (subtractmaskfromsilk false)
      (outputformat 1)
      (mirror false)
      (drillshape 0)
      (scaleselection 1)
      (outputdirectory "gerber/"))
  )

  (net 0 "")
  (net 1 GND)
  (net 2 /PA_VGG)
  (net 3 /PA_VDD)
  (net 4 /PA_out)
  (net 5 /RF_out)
  (net 6 /V_supply)
  (net 7 VCC)
  (net 8 /RF_in)
  (net 9 /PA_in)
  (net 10 /V_in)
  (net 11 /EN)
  (net 12 /REG_ADJ)
  (net 13 /NTC1)
  (net 14 /NTC2)
  (net 15 /REG_OUT)
  (net 16 "Net-(C3-Pad2)")
  (net 17 "Net-(C3-Pad1)")
  (net 18 "Net-(C10-Pad1)")
  (net 19 /BiasT_out)
  (net 20 "Net-(R1-Pad2)")
  (net 21 "Net-(R17-Pad1)")
  (net 22 "Net-(R21-Pad1)")
  (net 23 /BiasT_in)

  (net_class Default "This is the default net class."
    (clearance 0.2)
    (trace_width 1.4)
    (via_dia 0.8)
    (via_drill 0.4)
    (uvia_dia 0.3)
    (uvia_drill 0.1)
    (add_net /BiasT_in)
    (add_net /BiasT_out)
    (add_net /EN)
    (add_net /NTC1)
    (add_net /NTC2)
    (add_net /PA_VDD)
    (add_net /PA_VGG)
    (add_net /PA_in)
    (add_net /PA_out)
    (add_net /REG_ADJ)
    (add_net /REG_OUT)
    (add_net /RF_in)
    (add_net /RF_out)
    (add_net /V_in)
    (add_net /V_supply)
    (add_net GND)
    (add_net "Net-(C10-Pad1)")
    (add_net "Net-(C3-Pad1)")
    (add_net "Net-(C3-Pad2)")
    (add_net "Net-(R1-Pad2)")
    (add_net "Net-(R17-Pad1)")
    (add_net "Net-(R21-Pad1)")
    (add_net VCC)
  )

  (module 70cm_pa:Pigtail2 (layer F.Cu) (tedit 5DC5A43D) (tstamp 5DB0C9AC)
    (at 45.72 73.66)
    (path /5DB26191)
    (fp_text reference J6 (at 0 -8.001) (layer F.SilkS)
      (effects (font (size 0.7 0.7) (thickness 0.1)))
    )
    (fp_text value ~ (at 0 -0.5) (layer F.Fab)
      (effects (font (size 1 1) (thickness 0.15)))
    )
    (pad 2 smd rect (at -2 -9.5) (size 1 4) (layers F.Cu F.Paste F.Mask)
      (net 1 GND))
    (pad 2 smd rect (at 2 -9.5) (size 1 4) (layers F.Cu F.Paste F.Mask)
      (net 1 GND))
    (pad 2 smd rect (at 0 -3.75) (size 5 7.5) (layers F.Cu F.Paste F.Mask)
      (net 1 GND))
    (pad 1 smd rect (at 0 -10) (size 1.5 3) (layers F.Cu F.Paste F.Mask)
      (net 11 /EN))
  )

  (module 70cm_pa:Pigtail2 (layer F.Cu) (tedit 5DC5A43D) (tstamp 5DB0C821)
    (at 60.96 73.66)
    (path /5DB0A0E6)
    (fp_text reference J2 (at 0 -8.001) (layer F.SilkS)
      (effects (font (size 0.7 0.7) (thickness 0.1)))
    )
    (fp_text value ~ (at 0 -0.5) (layer F.Fab)
      (effects (font (size 1 1) (thickness 0.15)))
    )
    (pad 2 smd rect (at -2 -9.5) (size 1 4) (layers F.Cu F.Paste F.Mask)
      (net 1 GND))
    (pad 2 smd rect (at 2 -9.5) (size 1 4) (layers F.Cu F.Paste F.Mask)
      (net 1 GND))
    (pad 2 smd rect (at 0 -3.75) (size 5 7.5) (layers F.Cu F.Paste F.Mask)
      (net 1 GND))
    (pad 1 smd rect (at 0 -10) (size 1.5 3) (layers F.Cu F.Paste F.Mask)
      (net 5 /RF_out))
  )

  (module 70cm_pa:Pigtail2 (layer F.Cu) (tedit 5DC5A43D) (tstamp 5DAE46B3)
    (at 38.1 73.66)
    (path /5DAE4558)
    (fp_text reference J1 (at 0 -8.001) (layer F.SilkS)
      (effects (font (size 0.7 0.7) (thickness 0.1)))
    )
    (fp_text value ~ (at 0 -0.5) (layer F.Fab)
      (effects (font (size 1 1) (thickness 0.15)))
    )
    (pad 2 smd rect (at -2 -9.5) (size 1 4) (layers F.Cu F.Paste F.Mask)
      (net 1 GND))
    (pad 2 smd rect (at 2 -9.5) (size 1 4) (layers F.Cu F.Paste F.Mask)
      (net 1 GND))
    (pad 2 smd rect (at 0 -3.75) (size 5 7.5) (layers F.Cu F.Paste F.Mask)
      (net 1 GND))
    (pad 1 smd rect (at 0 -10) (size 1.5 3) (layers F.Cu F.Paste F.Mask)
      (net 8 /RF_in))
  )

  (module Resistor_SMD:R_0805_2012Metric (layer F.Cu) (tedit 5B36C52B) (tstamp 5DAF764E)
    (at 41.275 58.42)
    (descr "Resistor SMD 0805 (2012 Metric), square (rectangular) end terminal, IPC_7351 nominal, (Body size source: https://docs.google.com/spreadsheets/d/1BsfQQcO9C6DZCsRaXUlFlo91Tg2WpOkGARC1WS5S8t0/edit?usp=sharing), generated with kicad-footprint-generator")
    (tags resistor)
    (path /5DB82D6A)
    (attr smd)
    (fp_text reference R21 (at -2.667 0) (layer F.SilkS)
      (effects (font (size 0.7 0.7) (thickness 0.1)))
    )
    (fp_text value 1k (at 0 1.65) (layer F.Fab)
      (effects (font (size 0.7 0.7) (thickness 0.1)))
    )
    (fp_line (start -1 0.6) (end -1 -0.6) (layer F.Fab) (width 0.1))
    (fp_line (start -1 -0.6) (end 1 -0.6) (layer F.Fab) (width 0.1))
    (fp_line (start 1 -0.6) (end 1 0.6) (layer F.Fab) (width 0.1))
    (fp_line (start 1 0.6) (end -1 0.6) (layer F.Fab) (width 0.1))
    (fp_line (start -0.258578 -0.71) (end 0.258578 -0.71) (layer F.SilkS) (width 0.12))
    (fp_line (start -0.258578 0.71) (end 0.258578 0.71) (layer F.SilkS) (width 0.12))
    (fp_line (start -1.68 0.95) (end -1.68 -0.95) (layer F.CrtYd) (width 0.05))
    (fp_line (start -1.68 -0.95) (end 1.68 -0.95) (layer F.CrtYd) (width 0.05))
    (fp_line (start 1.68 -0.95) (end 1.68 0.95) (layer F.CrtYd) (width 0.05))
    (fp_line (start 1.68 0.95) (end -1.68 0.95) (layer F.CrtYd) (width 0.05))
    (fp_text user %R (at 0 0) (layer F.Fab)
      (effects (font (size 0.5 0.5) (thickness 0.08)))
    )
    (pad 1 smd roundrect (at -0.9375 0) (size 0.975 1.4) (layers F.Cu F.Paste F.Mask) (roundrect_rratio 0.25)
      (net 22 "Net-(R21-Pad1)"))
    (pad 2 smd roundrect (at 0.9375 0) (size 0.975 1.4) (layers F.Cu F.Paste F.Mask) (roundrect_rratio 0.25)
      (net 11 /EN))
    (model ${KISYS3DMOD}/Resistor_SMD.3dshapes/R_0805_2012Metric.wrl
      (at (xyz 0 0 0))
      (scale (xyz 1 1 1))
      (rotate (xyz 0 0 0))
    )
  )

  (module Inductor_SMD:L_0805_2012Metric (layer F.Cu) (tedit 5B36C52B) (tstamp 5DAE4E9F)
    (at 64.135 48.5925 90)
    (descr "Inductor SMD 0805 (2012 Metric), square (rectangular) end terminal, IPC_7351 nominal, (Body size source: https://docs.google.com/spreadsheets/d/1BsfQQcO9C6DZCsRaXUlFlo91Tg2WpOkGARC1WS5S8t0/edit?usp=sharing), generated with kicad-footprint-generator")
    (tags inductor)
    (path /5DB004E5)
    (attr smd)
    (fp_text reference L1 (at 0.0785 1.524 90) (layer F.SilkS)
      (effects (font (size 0.7 0.7) (thickness 0.1)))
    )
    (fp_text value 0R (at 0 1.65 90) (layer F.Fab)
      (effects (font (size 0.7 0.7) (thickness 0.1)))
    )
    (fp_text user %R (at 0 0 90) (layer F.Fab)
      (effects (font (size 0.5 0.5) (thickness 0.08)))
    )
    (fp_line (start 1.68 0.95) (end -1.68 0.95) (layer F.CrtYd) (width 0.05))
    (fp_line (start 1.68 -0.95) (end 1.68 0.95) (layer F.CrtYd) (width 0.05))
    (fp_line (start -1.68 -0.95) (end 1.68 -0.95) (layer F.CrtYd) (width 0.05))
    (fp_line (start -1.68 0.95) (end -1.68 -0.95) (layer F.CrtYd) (width 0.05))
    (fp_line (start -0.258578 0.71) (end 0.258578 0.71) (layer F.SilkS) (width 0.12))
    (fp_line (start -0.258578 -0.71) (end 0.258578 -0.71) (layer F.SilkS) (width 0.12))
    (fp_line (start 1 0.6) (end -1 0.6) (layer F.Fab) (width 0.1))
    (fp_line (start 1 -0.6) (end 1 0.6) (layer F.Fab) (width 0.1))
    (fp_line (start -1 -0.6) (end 1 -0.6) (layer F.Fab) (width 0.1))
    (fp_line (start -1 0.6) (end -1 -0.6) (layer F.Fab) (width 0.1))
    (pad 2 smd roundrect (at 0.9375 0 90) (size 0.975 1.4) (layers F.Cu F.Paste F.Mask) (roundrect_rratio 0.25)
      (net 17 "Net-(C3-Pad1)"))
    (pad 1 smd roundrect (at -0.9375 0 90) (size 0.975 1.4) (layers F.Cu F.Paste F.Mask) (roundrect_rratio 0.25)
      (net 4 /PA_out))
    (model ${KISYS3DMOD}/Inductor_SMD.3dshapes/L_0805_2012Metric.wrl
      (at (xyz 0 0 0))
      (scale (xyz 1 1 1))
      (rotate (xyz 0 0 0))
    )
  )

  (module Resistor_SMD:R_0805_2012Metric (layer F.Cu) (tedit 5B36C52B) (tstamp 5DC4520F)
    (at 33.655 55.245 180)
    (descr "Resistor SMD 0805 (2012 Metric), square (rectangular) end terminal, IPC_7351 nominal, (Body size source: https://docs.google.com/spreadsheets/d/1BsfQQcO9C6DZCsRaXUlFlo91Tg2WpOkGARC1WS5S8t0/edit?usp=sharing), generated with kicad-footprint-generator")
    (tags resistor)
    (path /5DCB0A0A)
    (attr smd)
    (fp_text reference R1 (at 3.81 0) (layer F.SilkS)
      (effects (font (size 0.7 0.7) (thickness 0.1)))
    )
    (fp_text value 0 (at 0 1.65) (layer F.Fab)
      (effects (font (size 0.7 0.7) (thickness 0.1)))
    )
    (fp_text user %R (at 0 0) (layer F.Fab)
      (effects (font (size 0.5 0.5) (thickness 0.08)))
    )
    (fp_line (start 1.68 0.95) (end -1.68 0.95) (layer F.CrtYd) (width 0.05))
    (fp_line (start 1.68 -0.95) (end 1.68 0.95) (layer F.CrtYd) (width 0.05))
    (fp_line (start -1.68 -0.95) (end 1.68 -0.95) (layer F.CrtYd) (width 0.05))
    (fp_line (start -1.68 0.95) (end -1.68 -0.95) (layer F.CrtYd) (width 0.05))
    (fp_line (start -0.258578 0.71) (end 0.258578 0.71) (layer F.SilkS) (width 0.12))
    (fp_line (start -0.258578 -0.71) (end 0.258578 -0.71) (layer F.SilkS) (width 0.12))
    (fp_line (start 1 0.6) (end -1 0.6) (layer F.Fab) (width 0.1))
    (fp_line (start 1 -0.6) (end 1 0.6) (layer F.Fab) (width 0.1))
    (fp_line (start -1 -0.6) (end 1 -0.6) (layer F.Fab) (width 0.1))
    (fp_line (start -1 0.6) (end -1 -0.6) (layer F.Fab) (width 0.1))
    (pad 2 smd roundrect (at 0.9375 0 180) (size 0.975 1.4) (layers F.Cu F.Paste F.Mask) (roundrect_rratio 0.25)
      (net 20 "Net-(R1-Pad2)"))
    (pad 1 smd roundrect (at -0.9375 0 180) (size 0.975 1.4) (layers F.Cu F.Paste F.Mask) (roundrect_rratio 0.25)
      (net 8 /RF_in))
    (model ${KISYS3DMOD}/Resistor_SMD.3dshapes/R_0805_2012Metric.wrl
      (at (xyz 0 0 0))
      (scale (xyz 1 1 1))
      (rotate (xyz 0 0 0))
    )
  )

  (module TestPoint:TestPoint_Pad_3.0x3.0mm (layer F.Cu) (tedit 5A0F774F) (tstamp 5DC45174)
    (at 31.75 62.865)
    (descr "SMD rectangular pad as test Point, square 3.0mm side length")
    (tags "test point SMD pad rectangle square")
    (path /5DC8E942)
    (attr virtual)
    (fp_text reference J4 (at -2.54 0 90) (layer F.SilkS)
      (effects (font (size 0.7 0.7) (thickness 0.1)))
    )
    (fp_text value ~ (at 0 2.55) (layer F.Fab)
      (effects (font (size 0.7 0.7) (thickness 0.1)))
    )
    (fp_line (start 2 2) (end -2 2) (layer F.CrtYd) (width 0.05))
    (fp_line (start 2 2) (end 2 -2) (layer F.CrtYd) (width 0.05))
    (fp_line (start -2 -2) (end -2 2) (layer F.CrtYd) (width 0.05))
    (fp_line (start -2 -2) (end 2 -2) (layer F.CrtYd) (width 0.05))
    (fp_line (start -1.7 1.7) (end -1.7 -1.7) (layer F.SilkS) (width 0.12))
    (fp_line (start 1.7 1.7) (end -1.7 1.7) (layer F.SilkS) (width 0.12))
    (fp_line (start 1.7 -1.7) (end 1.7 1.7) (layer F.SilkS) (width 0.12))
    (fp_line (start -1.7 -1.7) (end 1.7 -1.7) (layer F.SilkS) (width 0.12))
    (fp_text user %R (at 0 -2.4) (layer F.Fab)
      (effects (font (size 0.7 0.7) (thickness 0.1)))
    )
    (pad 1 smd rect (at 0 0) (size 3 3) (layers F.Cu F.Mask)
      (net 23 /BiasT_in))
  )

  (module TestPoint:TestPoint_Pad_3.0x3.0mm (layer F.Cu) (tedit 5A0F774F) (tstamp 5DC4638F)
    (at 67.31 62.865)
    (descr "SMD rectangular pad as test Point, square 3.0mm side length")
    (tags "test point SMD pad rectangle square")
    (path /5DC8150C)
    (attr virtual)
    (fp_text reference J3 (at 2.54 0 90) (layer F.SilkS)
      (effects (font (size 0.7 0.7) (thickness 0.1)))
    )
    (fp_text value ~ (at 0 2.55) (layer F.Fab)
      (effects (font (size 0.7 0.7) (thickness 0.1)))
    )
    (fp_line (start 2 2) (end -2 2) (layer F.CrtYd) (width 0.05))
    (fp_line (start 2 2) (end 2 -2) (layer F.CrtYd) (width 0.05))
    (fp_line (start -2 -2) (end -2 2) (layer F.CrtYd) (width 0.05))
    (fp_line (start -2 -2) (end 2 -2) (layer F.CrtYd) (width 0.05))
    (fp_line (start -1.7 1.7) (end -1.7 -1.7) (layer F.SilkS) (width 0.12))
    (fp_line (start 1.7 1.7) (end -1.7 1.7) (layer F.SilkS) (width 0.12))
    (fp_line (start 1.7 -1.7) (end 1.7 1.7) (layer F.SilkS) (width 0.12))
    (fp_line (start -1.7 -1.7) (end 1.7 -1.7) (layer F.SilkS) (width 0.12))
    (fp_text user %R (at 0 -2.4) (layer F.Fab)
      (effects (font (size 0.7 0.7) (thickness 0.1)))
    )
    (pad 1 smd rect (at 0 0) (size 3 3) (layers F.Cu F.Mask)
      (net 19 /BiasT_out))
  )

  (module Resistor_SMD:R_0805_2012Metric (layer F.Cu) (tedit 5B36C52B) (tstamp 5DC496B1)
    (at 64.77 57.15 180)
    (descr "Resistor SMD 0805 (2012 Metric), square (rectangular) end terminal, IPC_7351 nominal, (Body size source: https://docs.google.com/spreadsheets/d/1BsfQQcO9C6DZCsRaXUlFlo91Tg2WpOkGARC1WS5S8t0/edit?usp=sharing), generated with kicad-footprint-generator")
    (tags resistor)
    (path /5DC56BD9)
    (attr smd)
    (fp_text reference R3 (at -2.54 0) (layer F.SilkS)
      (effects (font (size 0.7 0.7) (thickness 0.1)))
    )
    (fp_text value 0 (at 0 1.65) (layer F.Fab)
      (effects (font (size 0.7 0.7) (thickness 0.1)))
    )
    (fp_text user %R (at 0 0) (layer F.Fab)
      (effects (font (size 0.5 0.5) (thickness 0.08)))
    )
    (fp_line (start 1.68 0.95) (end -1.68 0.95) (layer F.CrtYd) (width 0.05))
    (fp_line (start 1.68 -0.95) (end 1.68 0.95) (layer F.CrtYd) (width 0.05))
    (fp_line (start -1.68 -0.95) (end 1.68 -0.95) (layer F.CrtYd) (width 0.05))
    (fp_line (start -1.68 0.95) (end -1.68 -0.95) (layer F.CrtYd) (width 0.05))
    (fp_line (start -0.258578 0.71) (end 0.258578 0.71) (layer F.SilkS) (width 0.12))
    (fp_line (start -0.258578 -0.71) (end 0.258578 -0.71) (layer F.SilkS) (width 0.12))
    (fp_line (start 1 0.6) (end -1 0.6) (layer F.Fab) (width 0.1))
    (fp_line (start 1 -0.6) (end 1 0.6) (layer F.Fab) (width 0.1))
    (fp_line (start -1 -0.6) (end 1 -0.6) (layer F.Fab) (width 0.1))
    (fp_line (start -1 0.6) (end -1 -0.6) (layer F.Fab) (width 0.1))
    (pad 2 smd roundrect (at 0.9375 0 180) (size 0.975 1.4) (layers F.Cu F.Paste F.Mask) (roundrect_rratio 0.25)
      (net 5 /RF_out))
    (pad 1 smd roundrect (at -0.9375 0 180) (size 0.975 1.4) (layers F.Cu F.Paste F.Mask) (roundrect_rratio 0.25)
      (net 16 "Net-(C3-Pad2)"))
    (model ${KISYS3DMOD}/Resistor_SMD.3dshapes/R_0805_2012Metric.wrl
      (at (xyz 0 0 0))
      (scale (xyz 1 1 1))
      (rotate (xyz 0 0 0))
    )
  )

  (module Capacitor_SMD:C_0805_2012Metric (layer F.Cu) (tedit 5B36C52B) (tstamp 5DC5EB79)
    (at 66.675 53.0225)
    (descr "Capacitor SMD 0805 (2012 Metric), square (rectangular) end terminal, IPC_7351 nominal, (Body size source: https://docs.google.com/spreadsheets/d/1BsfQQcO9C6DZCsRaXUlFlo91Tg2WpOkGARC1WS5S8t0/edit?usp=sharing), generated with kicad-footprint-generator")
    (tags capacitor)
    (path /5DC60015)
    (attr smd)
    (fp_text reference C6 (at 3.175 -0.0635 180) (layer F.SilkS)
      (effects (font (size 0.7 0.7) (thickness 0.1)))
    )
    (fp_text value 10p (at 0 1.65) (layer F.Fab)
      (effects (font (size 0.7 0.7) (thickness 0.1)))
    )
    (fp_text user %R (at 0 0) (layer F.Fab)
      (effects (font (size 0.5 0.5) (thickness 0.08)))
    )
    (fp_line (start 1.68 0.95) (end -1.68 0.95) (layer F.CrtYd) (width 0.05))
    (fp_line (start 1.68 -0.95) (end 1.68 0.95) (layer F.CrtYd) (width 0.05))
    (fp_line (start -1.68 -0.95) (end 1.68 -0.95) (layer F.CrtYd) (width 0.05))
    (fp_line (start -1.68 0.95) (end -1.68 -0.95) (layer F.CrtYd) (width 0.05))
    (fp_line (start -0.258578 0.71) (end 0.258578 0.71) (layer F.SilkS) (width 0.12))
    (fp_line (start -0.258578 -0.71) (end 0.258578 -0.71) (layer F.SilkS) (width 0.12))
    (fp_line (start 1 0.6) (end -1 0.6) (layer F.Fab) (width 0.1))
    (fp_line (start 1 -0.6) (end 1 0.6) (layer F.Fab) (width 0.1))
    (fp_line (start -1 -0.6) (end 1 -0.6) (layer F.Fab) (width 0.1))
    (fp_line (start -1 0.6) (end -1 -0.6) (layer F.Fab) (width 0.1))
    (pad 2 smd roundrect (at 0.9375 0) (size 0.975 1.4) (layers F.Cu F.Paste F.Mask) (roundrect_rratio 0.25)
      (net 1 GND))
    (pad 1 smd roundrect (at -0.9375 0) (size 0.975 1.4) (layers F.Cu F.Paste F.Mask) (roundrect_rratio 0.25)
      (net 17 "Net-(C3-Pad1)"))
    (model ${KISYS3DMOD}/Capacitor_SMD.3dshapes/C_0805_2012Metric.wrl
      (at (xyz 0 0 0))
      (scale (xyz 1 1 1))
      (rotate (xyz 0 0 0))
    )
  )

  (module Capacitor_SMD:C_0805_2012Metric (layer F.Cu) (tedit 5B36C52B) (tstamp 5DC5EB49)
    (at 63.5 53.975 270)
    (descr "Capacitor SMD 0805 (2012 Metric), square (rectangular) end terminal, IPC_7351 nominal, (Body size source: https://docs.google.com/spreadsheets/d/1BsfQQcO9C6DZCsRaXUlFlo91Tg2WpOkGARC1WS5S8t0/edit?usp=sharing), generated with kicad-footprint-generator")
    (tags capacitor)
    (path /5DC604F7)
    (attr smd)
    (fp_text reference C3 (at -2.54 0 90) (layer F.SilkS)
      (effects (font (size 0.7 0.7) (thickness 0.1)))
    )
    (fp_text value 2p2 (at 0 1.65 90) (layer F.Fab)
      (effects (font (size 0.7 0.7) (thickness 0.1)))
    )
    (fp_text user %R (at 0 0 90) (layer F.Fab)
      (effects (font (size 0.5 0.5) (thickness 0.08)))
    )
    (fp_line (start 1.68 0.95) (end -1.68 0.95) (layer F.CrtYd) (width 0.05))
    (fp_line (start 1.68 -0.95) (end 1.68 0.95) (layer F.CrtYd) (width 0.05))
    (fp_line (start -1.68 -0.95) (end 1.68 -0.95) (layer F.CrtYd) (width 0.05))
    (fp_line (start -1.68 0.95) (end -1.68 -0.95) (layer F.CrtYd) (width 0.05))
    (fp_line (start -0.258578 0.71) (end 0.258578 0.71) (layer F.SilkS) (width 0.12))
    (fp_line (start -0.258578 -0.71) (end 0.258578 -0.71) (layer F.SilkS) (width 0.12))
    (fp_line (start 1 0.6) (end -1 0.6) (layer F.Fab) (width 0.1))
    (fp_line (start 1 -0.6) (end 1 0.6) (layer F.Fab) (width 0.1))
    (fp_line (start -1 -0.6) (end 1 -0.6) (layer F.Fab) (width 0.1))
    (fp_line (start -1 0.6) (end -1 -0.6) (layer F.Fab) (width 0.1))
    (pad 2 smd roundrect (at 0.9375 0 270) (size 0.975 1.4) (layers F.Cu F.Paste F.Mask) (roundrect_rratio 0.25)
      (net 16 "Net-(C3-Pad2)"))
    (pad 1 smd roundrect (at -0.9375 0 270) (size 0.975 1.4) (layers F.Cu F.Paste F.Mask) (roundrect_rratio 0.25)
      (net 17 "Net-(C3-Pad1)"))
    (model ${KISYS3DMOD}/Capacitor_SMD.3dshapes/C_0805_2012Metric.wrl
      (at (xyz 0 0 0))
      (scale (xyz 1 1 1))
      (rotate (xyz 0 0 0))
    )
  )

  (module 70cm_pa:M68710L (layer F.Cu) (tedit 5DADF3FB) (tstamp 5DAE3DAE)
    (at 49.53 40.64)
    (path /5DADFDD5)
    (fp_text reference U1 (at -15.24 5.08) (layer F.SilkS)
      (effects (font (size 0.7 0.7) (thickness 0.1)))
    )
    (fp_text value M68710L (at 0 -0.5) (layer F.Fab)
      (effects (font (size 0.7 0.7) (thickness 0.1)))
    )
    (fp_poly (pts (xy -15 -3) (xy 15 -3) (xy 15 3) (xy -15 3)) (layer F.Mask) (width 0.1))
    (pad 4 smd rect (at 8.9 7) (size 1.5 4) (layers F.Cu F.Paste F.Mask)
      (net 4 /PA_out))
    (pad 3 smd rect (at 3.8 7) (size 1.5 4) (layers F.Cu F.Paste F.Mask)
      (net 3 /PA_VDD))
    (pad 2 smd rect (at -1.3 7) (size 1.5 4) (layers F.Cu F.Paste F.Mask)
      (net 2 /PA_VGG))
    (pad 1 smd rect (at -8.9 7) (size 1.5 4) (layers F.Cu F.Paste F.Mask)
      (net 9 /PA_in))
    (pad 5 thru_hole circle (at 13.3 0) (size 4 4) (drill 3.2) (layers *.Cu *.Mask)
      (net 1 GND) (zone_connect 2))
    (pad 5 thru_hole circle (at -13.3 0) (size 4 4) (drill 3.2) (layers *.Cu *.Mask)
      (net 1 GND) (zone_connect 2))
  )

  (module Resistor_SMD:R_0805_2012Metric (layer F.Cu) (tedit 5B36C52B) (tstamp 5DB8141F)
    (at 44.45 46.99 90)
    (descr "Resistor SMD 0805 (2012 Metric), square (rectangular) end terminal, IPC_7351 nominal, (Body size source: https://docs.google.com/spreadsheets/d/1BsfQQcO9C6DZCsRaXUlFlo91Tg2WpOkGARC1WS5S8t0/edit?usp=sharing), generated with kicad-footprint-generator")
    (tags resistor)
    (path /5DB999B1)
    (attr smd)
    (fp_text reference TH2 (at 0 -1.27 90) (layer F.SilkS)
      (effects (font (size 0.7 0.7) (thickness 0.1)))
    )
    (fp_text value 100k (at 0 1.65 90) (layer F.Fab)
      (effects (font (size 0.7 0.7) (thickness 0.1)))
    )
    (fp_text user %R (at 0 0 90) (layer F.Fab)
      (effects (font (size 0.5 0.5) (thickness 0.08)))
    )
    (fp_line (start 1.68 0.95) (end -1.68 0.95) (layer F.CrtYd) (width 0.05))
    (fp_line (start 1.68 -0.95) (end 1.68 0.95) (layer F.CrtYd) (width 0.05))
    (fp_line (start -1.68 -0.95) (end 1.68 -0.95) (layer F.CrtYd) (width 0.05))
    (fp_line (start -1.68 0.95) (end -1.68 -0.95) (layer F.CrtYd) (width 0.05))
    (fp_line (start -0.258578 0.71) (end 0.258578 0.71) (layer F.SilkS) (width 0.12))
    (fp_line (start -0.258578 -0.71) (end 0.258578 -0.71) (layer F.SilkS) (width 0.12))
    (fp_line (start 1 0.6) (end -1 0.6) (layer F.Fab) (width 0.1))
    (fp_line (start 1 -0.6) (end 1 0.6) (layer F.Fab) (width 0.1))
    (fp_line (start -1 -0.6) (end 1 -0.6) (layer F.Fab) (width 0.1))
    (fp_line (start -1 0.6) (end -1 -0.6) (layer F.Fab) (width 0.1))
    (pad 2 smd roundrect (at 0.9375 0 90) (size 0.975 1.4) (layers F.Cu F.Paste F.Mask) (roundrect_rratio 0.25)
      (net 1 GND))
    (pad 1 smd roundrect (at -0.9375 0 90) (size 0.975 1.4) (layers F.Cu F.Paste F.Mask) (roundrect_rratio 0.25)
      (net 14 /NTC2))
    (model ${KISYS3DMOD}/Resistor_SMD.3dshapes/R_0805_2012Metric.wrl
      (at (xyz 0 0 0))
      (scale (xyz 1 1 1))
      (rotate (xyz 0 0 0))
    )
  )

  (module Resistor_SMD:R_0805_2012Metric (layer F.Cu) (tedit 5B36C52B) (tstamp 5DB813AE)
    (at 45.085 50.8 180)
    (descr "Resistor SMD 0805 (2012 Metric), square (rectangular) end terminal, IPC_7351 nominal, (Body size source: https://docs.google.com/spreadsheets/d/1BsfQQcO9C6DZCsRaXUlFlo91Tg2WpOkGARC1WS5S8t0/edit?usp=sharing), generated with kicad-footprint-generator")
    (tags resistor)
    (path /5DBBB16F)
    (attr smd)
    (fp_text reference R17 (at -1.27 2.159) (layer F.SilkS)
      (effects (font (size 0.7 0.7) (thickness 0.1)))
    )
    (fp_text value 100k (at 0 1.65) (layer F.Fab)
      (effects (font (size 0.7 0.7) (thickness 0.1)))
    )
    (fp_line (start -1 0.6) (end -1 -0.6) (layer F.Fab) (width 0.1))
    (fp_line (start -1 -0.6) (end 1 -0.6) (layer F.Fab) (width 0.1))
    (fp_line (start 1 -0.6) (end 1 0.6) (layer F.Fab) (width 0.1))
    (fp_line (start 1 0.6) (end -1 0.6) (layer F.Fab) (width 0.1))
    (fp_line (start -0.258578 -0.71) (end 0.258578 -0.71) (layer F.SilkS) (width 0.12))
    (fp_line (start -0.258578 0.71) (end 0.258578 0.71) (layer F.SilkS) (width 0.12))
    (fp_line (start -1.68 0.95) (end -1.68 -0.95) (layer F.CrtYd) (width 0.05))
    (fp_line (start -1.68 -0.95) (end 1.68 -0.95) (layer F.CrtYd) (width 0.05))
    (fp_line (start 1.68 -0.95) (end 1.68 0.95) (layer F.CrtYd) (width 0.05))
    (fp_line (start 1.68 0.95) (end -1.68 0.95) (layer F.CrtYd) (width 0.05))
    (fp_text user %R (at 0 0) (layer F.Fab)
      (effects (font (size 0.5 0.5) (thickness 0.08)))
    )
    (pad 1 smd roundrect (at -0.9375 0 180) (size 0.975 1.4) (layers F.Cu F.Paste F.Mask) (roundrect_rratio 0.25)
      (net 21 "Net-(R17-Pad1)"))
    (pad 2 smd roundrect (at 0.9375 0 180) (size 0.975 1.4) (layers F.Cu F.Paste F.Mask) (roundrect_rratio 0.25)
      (net 14 /NTC2))
    (model ${KISYS3DMOD}/Resistor_SMD.3dshapes/R_0805_2012Metric.wrl
      (at (xyz 0 0 0))
      (scale (xyz 1 1 1))
      (rotate (xyz 0 0 0))
    )
  )

  (module Capacitor_Tantalum_SMD:CP_EIA-6032-15_Kemet-U (layer F.Cu) (tedit 5B301BBE) (tstamp 5DC610FC)
    (at 53.34 63.5 180)
    (descr "Tantalum Capacitor SMD Kemet-U (6032-15 Metric), IPC_7351 nominal, (Body size from: http://www.kemet.com/Lists/ProductCatalog/Attachments/253/KEM_TC101_STD.pdf), generated with kicad-footprint-generator")
    (tags "capacitor tantalum")
    (path /5DB24127)
    (attr smd)
    (fp_text reference C8 (at 3.81 -2.286) (layer F.SilkS)
      (effects (font (size 0.7 0.7) (thickness 0.1)))
    )
    (fp_text value 100u (at 0 2.55) (layer F.Fab)
      (effects (font (size 0.7 0.7) (thickness 0.1)))
    )
    (fp_line (start 3 -1.6) (end -2.2 -1.6) (layer F.Fab) (width 0.1))
    (fp_line (start -2.2 -1.6) (end -3 -0.8) (layer F.Fab) (width 0.1))
    (fp_line (start -3 -0.8) (end -3 1.6) (layer F.Fab) (width 0.1))
    (fp_line (start -3 1.6) (end 3 1.6) (layer F.Fab) (width 0.1))
    (fp_line (start 3 1.6) (end 3 -1.6) (layer F.Fab) (width 0.1))
    (fp_line (start 3 -1.71) (end -3.76 -1.71) (layer F.SilkS) (width 0.12))
    (fp_line (start -3.76 -1.71) (end -3.76 1.71) (layer F.SilkS) (width 0.12))
    (fp_line (start -3.76 1.71) (end 3 1.71) (layer F.SilkS) (width 0.12))
    (fp_line (start -3.75 1.85) (end -3.75 -1.85) (layer F.CrtYd) (width 0.05))
    (fp_line (start -3.75 -1.85) (end 3.75 -1.85) (layer F.CrtYd) (width 0.05))
    (fp_line (start 3.75 -1.85) (end 3.75 1.85) (layer F.CrtYd) (width 0.05))
    (fp_line (start 3.75 1.85) (end -3.75 1.85) (layer F.CrtYd) (width 0.05))
    (fp_text user %R (at 0 0) (layer F.Fab)
      (effects (font (size 0.7 0.7) (thickness 0.1)))
    )
    (pad 1 smd roundrect (at -2.4625 0 180) (size 2.075 2.35) (layers F.Cu F.Paste F.Mask) (roundrect_rratio 0.120482)
      (net 6 /V_supply))
    (pad 2 smd roundrect (at 2.4625 0 180) (size 2.075 2.35) (layers F.Cu F.Paste F.Mask) (roundrect_rratio 0.120482)
      (net 1 GND))
    (model ${KISYS3DMOD}/Capacitor_Tantalum_SMD.3dshapes/CP_EIA-6032-15_Kemet-U.wrl
      (at (xyz 0 0 0))
      (scale (xyz 1 1 1))
      (rotate (xyz 0 0 0))
    )
  )

  (module Capacitor_SMD:C_0805_2012Metric (layer F.Cu) (tedit 5B36C52B) (tstamp 5DB791B2)
    (at 56.515 59.69 90)
    (descr "Capacitor SMD 0805 (2012 Metric), square (rectangular) end terminal, IPC_7351 nominal, (Body size source: https://docs.google.com/spreadsheets/d/1BsfQQcO9C6DZCsRaXUlFlo91Tg2WpOkGARC1WS5S8t0/edit?usp=sharing), generated with kicad-footprint-generator")
    (tags capacitor)
    (path /5DB8C3D6)
    (attr smd)
    (fp_text reference C9 (at -0.254 5.842 90) (layer F.SilkS)
      (effects (font (size 0.7 0.7) (thickness 0.1)))
    )
    (fp_text value 2u2 (at 0 1.65 90) (layer F.Fab)
      (effects (font (size 0.7 0.7) (thickness 0.1)))
    )
    (fp_line (start -1 0.6) (end -1 -0.6) (layer F.Fab) (width 0.1))
    (fp_line (start -1 -0.6) (end 1 -0.6) (layer F.Fab) (width 0.1))
    (fp_line (start 1 -0.6) (end 1 0.6) (layer F.Fab) (width 0.1))
    (fp_line (start 1 0.6) (end -1 0.6) (layer F.Fab) (width 0.1))
    (fp_line (start -0.258578 -0.71) (end 0.258578 -0.71) (layer F.SilkS) (width 0.12))
    (fp_line (start -0.258578 0.71) (end 0.258578 0.71) (layer F.SilkS) (width 0.12))
    (fp_line (start -1.68 0.95) (end -1.68 -0.95) (layer F.CrtYd) (width 0.05))
    (fp_line (start -1.68 -0.95) (end 1.68 -0.95) (layer F.CrtYd) (width 0.05))
    (fp_line (start 1.68 -0.95) (end 1.68 0.95) (layer F.CrtYd) (width 0.05))
    (fp_line (start 1.68 0.95) (end -1.68 0.95) (layer F.CrtYd) (width 0.05))
    (fp_text user %R (at 0 0 90) (layer F.Fab)
      (effects (font (size 0.5 0.5) (thickness 0.08)))
    )
    (pad 1 smd roundrect (at -0.9375 0 90) (size 0.975 1.4) (layers F.Cu F.Paste F.Mask) (roundrect_rratio 0.25)
      (net 6 /V_supply))
    (pad 2 smd roundrect (at 0.9375 0 90) (size 0.975 1.4) (layers F.Cu F.Paste F.Mask) (roundrect_rratio 0.25)
      (net 1 GND))
    (model ${KISYS3DMOD}/Capacitor_SMD.3dshapes/C_0805_2012Metric.wrl
      (at (xyz 0 0 0))
      (scale (xyz 1 1 1))
      (rotate (xyz 0 0 0))
    )
  )

  (module 70cm_pa:DC_Pad (layer F.Cu) (tedit 5DB0AC52) (tstamp 5DB0E89D)
    (at 53.34 73.66)
    (path /5DB408AC)
    (fp_text reference J5 (at 0 -3.81 90) (layer F.SilkS)
      (effects (font (size 0.7 0.7) (thickness 0.1)))
    )
    (fp_text value Conn_01x02 (at 0 -0.5) (layer F.Fab)
      (effects (font (size 0.7 0.7) (thickness 0.1)))
    )
    (pad 2 smd rect (at -2 -3) (size 3 6) (layers F.Cu F.Paste F.Mask)
      (net 1 GND))
    (pad 1 smd rect (at 2 -3) (size 3 6) (layers F.Cu F.Paste F.Mask)
      (net 10 /V_in))
  )

  (module Inductor_SMD:L_0805_2012Metric (layer F.Cu) (tedit 5B36C52B) (tstamp 5DC5EAE9)
    (at 61.595 53.975 270)
    (descr "Inductor SMD 0805 (2012 Metric), square (rectangular) end terminal, IPC_7351 nominal, (Body size source: https://docs.google.com/spreadsheets/d/1BsfQQcO9C6DZCsRaXUlFlo91Tg2WpOkGARC1WS5S8t0/edit?usp=sharing), generated with kicad-footprint-generator")
    (tags inductor)
    (path /5DB13666)
    (attr smd)
    (fp_text reference L2 (at -2.54 0 90) (layer F.SilkS)
      (effects (font (size 0.7 0.7) (thickness 0.1)))
    )
    (fp_text value 12n (at 0 1.65 90) (layer F.Fab)
      (effects (font (size 0.7 0.7) (thickness 0.1)))
    )
    (fp_text user %R (at 0 0 90) (layer F.Fab)
      (effects (font (size 0.5 0.5) (thickness 0.08)))
    )
    (fp_line (start 1.68 0.95) (end -1.68 0.95) (layer F.CrtYd) (width 0.05))
    (fp_line (start 1.68 -0.95) (end 1.68 0.95) (layer F.CrtYd) (width 0.05))
    (fp_line (start -1.68 -0.95) (end 1.68 -0.95) (layer F.CrtYd) (width 0.05))
    (fp_line (start -1.68 0.95) (end -1.68 -0.95) (layer F.CrtYd) (width 0.05))
    (fp_line (start -0.258578 0.71) (end 0.258578 0.71) (layer F.SilkS) (width 0.12))
    (fp_line (start -0.258578 -0.71) (end 0.258578 -0.71) (layer F.SilkS) (width 0.12))
    (fp_line (start 1 0.6) (end -1 0.6) (layer F.Fab) (width 0.1))
    (fp_line (start 1 -0.6) (end 1 0.6) (layer F.Fab) (width 0.1))
    (fp_line (start -1 -0.6) (end 1 -0.6) (layer F.Fab) (width 0.1))
    (fp_line (start -1 0.6) (end -1 -0.6) (layer F.Fab) (width 0.1))
    (pad 2 smd roundrect (at 0.9375 0 270) (size 0.975 1.4) (layers F.Cu F.Paste F.Mask) (roundrect_rratio 0.25)
      (net 16 "Net-(C3-Pad2)"))
    (pad 1 smd roundrect (at -0.9375 0 270) (size 0.975 1.4) (layers F.Cu F.Paste F.Mask) (roundrect_rratio 0.25)
      (net 17 "Net-(C3-Pad1)"))
    (model ${KISYS3DMOD}/Inductor_SMD.3dshapes/L_0805_2012Metric.wrl
      (at (xyz 0 0 0))
      (scale (xyz 1 1 1))
      (rotate (xyz 0 0 0))
    )
  )

  (module Capacitor_SMD:C_0805_2012Metric (layer F.Cu) (tedit 5B36C52B) (tstamp 5DC5EB19)
    (at 66.675 54.9275)
    (descr "Capacitor SMD 0805 (2012 Metric), square (rectangular) end terminal, IPC_7351 nominal, (Body size source: https://docs.google.com/spreadsheets/d/1BsfQQcO9C6DZCsRaXUlFlo91Tg2WpOkGARC1WS5S8t0/edit?usp=sharing), generated with kicad-footprint-generator")
    (tags capacitor)
    (path /5DB13652)
    (attr smd)
    (fp_text reference C7 (at 3.175 0.0635) (layer F.SilkS)
      (effects (font (size 0.7 0.7) (thickness 0.1)))
    )
    (fp_text value 10p (at 0 1.65) (layer F.Fab)
      (effects (font (size 0.7 0.7) (thickness 0.1)))
    )
    (fp_text user %R (at 0 0) (layer F.Fab)
      (effects (font (size 0.5 0.5) (thickness 0.08)))
    )
    (fp_line (start 1.68 0.95) (end -1.68 0.95) (layer F.CrtYd) (width 0.05))
    (fp_line (start 1.68 -0.95) (end 1.68 0.95) (layer F.CrtYd) (width 0.05))
    (fp_line (start -1.68 -0.95) (end 1.68 -0.95) (layer F.CrtYd) (width 0.05))
    (fp_line (start -1.68 0.95) (end -1.68 -0.95) (layer F.CrtYd) (width 0.05))
    (fp_line (start -0.258578 0.71) (end 0.258578 0.71) (layer F.SilkS) (width 0.12))
    (fp_line (start -0.258578 -0.71) (end 0.258578 -0.71) (layer F.SilkS) (width 0.12))
    (fp_line (start 1 0.6) (end -1 0.6) (layer F.Fab) (width 0.1))
    (fp_line (start 1 -0.6) (end 1 0.6) (layer F.Fab) (width 0.1))
    (fp_line (start -1 -0.6) (end 1 -0.6) (layer F.Fab) (width 0.1))
    (fp_line (start -1 0.6) (end -1 -0.6) (layer F.Fab) (width 0.1))
    (pad 2 smd roundrect (at 0.9375 0) (size 0.975 1.4) (layers F.Cu F.Paste F.Mask) (roundrect_rratio 0.25)
      (net 1 GND))
    (pad 1 smd roundrect (at -0.9375 0) (size 0.975 1.4) (layers F.Cu F.Paste F.Mask) (roundrect_rratio 0.25)
      (net 16 "Net-(C3-Pad2)"))
    (model ${KISYS3DMOD}/Capacitor_SMD.3dshapes/C_0805_2012Metric.wrl
      (at (xyz 0 0 0))
      (scale (xyz 1 1 1))
      (rotate (xyz 0 0 0))
    )
  )

  (module Resistor_SMD:R_0805_2012Metric (layer F.Cu) (tedit 5B36C52B) (tstamp 5DB0B514)
    (at 43.815 60.325 180)
    (descr "Resistor SMD 0805 (2012 Metric), square (rectangular) end terminal, IPC_7351 nominal, (Body size source: https://docs.google.com/spreadsheets/d/1BsfQQcO9C6DZCsRaXUlFlo91Tg2WpOkGARC1WS5S8t0/edit?usp=sharing), generated with kicad-footprint-generator")
    (tags resistor)
    (path /5DB20265)
    (attr smd)
    (fp_text reference R19 (at -0.127 -1.397) (layer F.SilkS)
      (effects (font (size 0.7 0.7) (thickness 0.1)))
    )
    (fp_text value 100k (at 0 1.65) (layer F.Fab)
      (effects (font (size 0.7 0.7) (thickness 0.1)))
    )
    (fp_line (start -1 0.6) (end -1 -0.6) (layer F.Fab) (width 0.1))
    (fp_line (start -1 -0.6) (end 1 -0.6) (layer F.Fab) (width 0.1))
    (fp_line (start 1 -0.6) (end 1 0.6) (layer F.Fab) (width 0.1))
    (fp_line (start 1 0.6) (end -1 0.6) (layer F.Fab) (width 0.1))
    (fp_line (start -0.258578 -0.71) (end 0.258578 -0.71) (layer F.SilkS) (width 0.12))
    (fp_line (start -0.258578 0.71) (end 0.258578 0.71) (layer F.SilkS) (width 0.12))
    (fp_line (start -1.68 0.95) (end -1.68 -0.95) (layer F.CrtYd) (width 0.05))
    (fp_line (start -1.68 -0.95) (end 1.68 -0.95) (layer F.CrtYd) (width 0.05))
    (fp_line (start 1.68 -0.95) (end 1.68 0.95) (layer F.CrtYd) (width 0.05))
    (fp_line (start 1.68 0.95) (end -1.68 0.95) (layer F.CrtYd) (width 0.05))
    (fp_text user %R (at 0 0) (layer F.Fab)
      (effects (font (size 0.5 0.5) (thickness 0.08)))
    )
    (pad 1 smd roundrect (at -0.9375 0 180) (size 0.975 1.4) (layers F.Cu F.Paste F.Mask) (roundrect_rratio 0.25)
      (net 7 VCC))
    (pad 2 smd roundrect (at 0.9375 0 180) (size 0.975 1.4) (layers F.Cu F.Paste F.Mask) (roundrect_rratio 0.25)
      (net 11 /EN))
    (model ${KISYS3DMOD}/Resistor_SMD.3dshapes/R_0805_2012Metric.wrl
      (at (xyz 0 0 0))
      (scale (xyz 1 1 1))
      (rotate (xyz 0 0 0))
    )
  )

  (module Resistor_SMD:R_0805_2012Metric (layer F.Cu) (tedit 5B36C52B) (tstamp 5DC59C28)
    (at 48.895 52.705 180)
    (descr "Resistor SMD 0805 (2012 Metric), square (rectangular) end terminal, IPC_7351 nominal, (Body size source: https://docs.google.com/spreadsheets/d/1BsfQQcO9C6DZCsRaXUlFlo91Tg2WpOkGARC1WS5S8t0/edit?usp=sharing), generated with kicad-footprint-generator")
    (tags resistor)
    (path /5DB2E64F)
    (attr smd)
    (fp_text reference R11 (at -2.54 0) (layer F.SilkS)
      (effects (font (size 0.7 0.7) (thickness 0.1)))
    )
    (fp_text value 1 (at 0 1.65) (layer F.Fab)
      (effects (font (size 0.7 0.7) (thickness 0.1)))
    )
    (fp_line (start -1 0.6) (end -1 -0.6) (layer F.Fab) (width 0.1))
    (fp_line (start -1 -0.6) (end 1 -0.6) (layer F.Fab) (width 0.1))
    (fp_line (start 1 -0.6) (end 1 0.6) (layer F.Fab) (width 0.1))
    (fp_line (start 1 0.6) (end -1 0.6) (layer F.Fab) (width 0.1))
    (fp_line (start -0.258578 -0.71) (end 0.258578 -0.71) (layer F.SilkS) (width 0.12))
    (fp_line (start -0.258578 0.71) (end 0.258578 0.71) (layer F.SilkS) (width 0.12))
    (fp_line (start -1.68 0.95) (end -1.68 -0.95) (layer F.CrtYd) (width 0.05))
    (fp_line (start -1.68 -0.95) (end 1.68 -0.95) (layer F.CrtYd) (width 0.05))
    (fp_line (start 1.68 -0.95) (end 1.68 0.95) (layer F.CrtYd) (width 0.05))
    (fp_line (start 1.68 0.95) (end -1.68 0.95) (layer F.CrtYd) (width 0.05))
    (fp_text user %R (at 0 0) (layer F.Fab)
      (effects (font (size 0.5 0.5) (thickness 0.08)))
    )
    (pad 1 smd roundrect (at -0.9375 0 180) (size 0.975 1.4) (layers F.Cu F.Paste F.Mask) (roundrect_rratio 0.25)
      (net 15 /REG_OUT))
    (pad 2 smd roundrect (at 0.9375 0 180) (size 0.975 1.4) (layers F.Cu F.Paste F.Mask) (roundrect_rratio 0.25)
      (net 7 VCC))
    (model ${KISYS3DMOD}/Resistor_SMD.3dshapes/R_0805_2012Metric.wrl
      (at (xyz 0 0 0))
      (scale (xyz 1 1 1))
      (rotate (xyz 0 0 0))
    )
  )

  (module Package_TO_SOT_SMD:SOT-23-5 (layer F.Cu) (tedit 5A02FF57) (tstamp 5DAF8B87)
    (at 41.275 55.245)
    (descr "5-pin SOT23 package")
    (tags SOT-23-5)
    (path /5DB055CA)
    (attr smd)
    (fp_text reference U3 (at -2.54 0) (layer F.SilkS)
      (effects (font (size 0.7 0.7) (thickness 0.1)))
    )
    (fp_text value SN74LV1T08 (at 0 2.9) (layer F.Fab)
      (effects (font (size 0.7 0.7) (thickness 0.1)))
    )
    (fp_text user %R (at 0 0 90) (layer F.Fab)
      (effects (font (size 0.5 0.5) (thickness 0.075)))
    )
    (fp_line (start -0.9 1.61) (end 0.9 1.61) (layer F.SilkS) (width 0.12))
    (fp_line (start 0.9 -1.61) (end -1.55 -1.61) (layer F.SilkS) (width 0.12))
    (fp_line (start -1.9 -1.8) (end 1.9 -1.8) (layer F.CrtYd) (width 0.05))
    (fp_line (start 1.9 -1.8) (end 1.9 1.8) (layer F.CrtYd) (width 0.05))
    (fp_line (start 1.9 1.8) (end -1.9 1.8) (layer F.CrtYd) (width 0.05))
    (fp_line (start -1.9 1.8) (end -1.9 -1.8) (layer F.CrtYd) (width 0.05))
    (fp_line (start -0.9 -0.9) (end -0.25 -1.55) (layer F.Fab) (width 0.1))
    (fp_line (start 0.9 -1.55) (end -0.25 -1.55) (layer F.Fab) (width 0.1))
    (fp_line (start -0.9 -0.9) (end -0.9 1.55) (layer F.Fab) (width 0.1))
    (fp_line (start 0.9 1.55) (end -0.9 1.55) (layer F.Fab) (width 0.1))
    (fp_line (start 0.9 -1.55) (end 0.9 1.55) (layer F.Fab) (width 0.1))
    (pad 1 smd rect (at -1.1 -0.95) (size 1.06 0.65) (layers F.Cu F.Paste F.Mask)
      (net 14 /NTC2))
    (pad 2 smd rect (at -1.1 0) (size 1.06 0.65) (layers F.Cu F.Paste F.Mask)
      (net 22 "Net-(R21-Pad1)"))
    (pad 3 smd rect (at -1.1 0.95) (size 1.06 0.65) (layers F.Cu F.Paste F.Mask)
      (net 1 GND))
    (pad 4 smd rect (at 1.1 0.95) (size 1.06 0.65) (layers F.Cu F.Paste F.Mask)
      (net 21 "Net-(R17-Pad1)"))
    (pad 5 smd rect (at 1.1 -0.95) (size 1.06 0.65) (layers F.Cu F.Paste F.Mask)
      (net 7 VCC))
    (model ${KISYS3DMOD}/Package_TO_SOT_SMD.3dshapes/SOT-23-5.wrl
      (at (xyz 0 0 0))
      (scale (xyz 1 1 1))
      (rotate (xyz 0 0 0))
    )
  )

  (module Resistor_SMD:R_0805_2012Metric (layer F.Cu) (tedit 5B36C52B) (tstamp 5DAF8159)
    (at 50.8 46.99 90)
    (descr "Resistor SMD 0805 (2012 Metric), square (rectangular) end terminal, IPC_7351 nominal, (Body size source: https://docs.google.com/spreadsheets/d/1BsfQQcO9C6DZCsRaXUlFlo91Tg2WpOkGARC1WS5S8t0/edit?usp=sharing), generated with kicad-footprint-generator")
    (tags resistor)
    (path /5DC2CC96)
    (attr smd)
    (fp_text reference TH1 (at 0 -1.27 270) (layer F.SilkS)
      (effects (font (size 0.7 0.7) (thickness 0.1)))
    )
    (fp_text value ~ (at 0 1.65 90) (layer F.Fab)
